101002
101005
101007
101008
101009
101012
101013
101014
101016
101017
101018
101019
101020
101021
101023
101024
101026
101027
101028
101029
101030
101032
101033
101034
101035
101036
101038
101040
101041
101042
101043
101044
101045
101046
101048
101050
101052
101056
101057
101060
101061
101064
101065
101066
101067
101068
101069
101070
101071
101073
101076
101077
101078
101079
101080
101082
101084
101085
101086
101090
101091
101092
101093
101094
101095
101097
101099
101100
101101
101102
101103
101104
101106
101107
101109
101111
101114
101116
101119
101120
101121
101122
101125
101129
101135
101136
101137
101138
101139
101140
101142
101143
101144
101145
101146
101147
101149
101150
101151